[[-101], [-201], [-301], [-401], [-102], [-105], [-202], [-205]]
GO_RIGHT
PROCEED
Score: -10
Move to: (2, 1)
SENSE_BREEZE
[[-101], [-201], [-301], [-401], [-102], [-105], [-202], [-205], [302], [-402], [-302, 101, 103, 106], [-103, 302], [-101, 302], [-106, 302], [-203], [-206]]
Infer: (3, 1)
DEDUCE_PIT
DEDUCE_NOT_PIT
Infer: (2, 2)
DEDUCE_PIT
DEDUCE_NOT_PIT
GO_LEFT
PROCEED
Score: -20
Backtrack: (1, 1)
GO_UPWARDS
PROCEED
Score: -30
Move to: (1, 2)
SENSE_STENCH
[[-101], [-201], [-301], [-401], [-102], [-105], [-202], [-205], [302], [-402], [-302, 101, 103, 106], [-103, 302], [-101, 302], [-106, 302], [-203], [-206], [-305], [405], [-106], [-109], [-405, 201, 206, 209], [-206, 405], [-209, 405], [-201, 405]]
Infer: (2, 2)
DEDUCE_WUMPUS
DEDUCE_NOT_WUMPUS
DISCOVER_NO_WUMPUS
Infer: (1, 3)
DEDUCE_WUMPUS
DISCOVER_WUMPUS
FIRE_ARROW
Score: -130
DEFEAT_WUMPUS
KB: [[-101], [-201], [-301], [-401], [-102], [-105], [-202], [-205], [302], [-402], [-302, 101, 103, 106], [-103, 302], [-101, 302], [-106, 302], [-203], [-206], [-305], [405], [-106], [-109], [-409]]
